%YAML:1.0
---
FPS: 7.6149630546569824e+00
