%YAML:1.0
---
FPS: 5.3823843002319336e+00
