%YAML:1.0
---
FPS: 5.6914687156677246e+00
