%YAML:1.0
---
FPS: 6.0728220939636230e+00
