%YAML:1.0
---
FPS: 2.8592920303344727e+00
