%YAML:1.0
---
FPS: 6.3664808273315430e+00
