%YAML:1.0
---
FPS: 2.3105344772338867e+00
