%YAML:1.0
---
FPS: 2.5109040737152100e+00
