%YAML:1.0
---
FPS: 4.6744170188903809e+00
