%YAML:1.0
---
FPS: 2.5732917785644531e+00
