%YAML:1.0
---
FPS: 5.0396485328674316e+00
