%YAML:1.0
---
FPS: 6.6875915527343750e+00
