%YAML:1.0
---
FPS: 6.3266248703002930e+00
