%YAML:1.0
---
FPS: 9.5134868621826172e+00
