%YAML:1.0
---
FPS: 3.5716185569763184e+00
