%YAML:1.0
---
FPS: 4.6400656700134277e+00
