%YAML:1.0
---
FPS: 5.8196926116943359e+00
