%YAML:1.0
---
FPS: 7.2665610313415527e+00
