%YAML:1.0
---
FPS: 3.1922872066497803e+00
