%YAML:1.0
---
FPS: 8.3531026840209961e+00
