%YAML:1.0
---
FPS: 4.1435890197753906e+00
