%YAML:1.0
---
FPS: 5.8781538009643555e+00
