%YAML:1.0
---
FPS: 6.1723489761352539e+00
