%YAML:1.0
---
FPS: 7.5668678283691406e+00
