%YAML:1.0
---
FPS: 1.0018966674804688e+01
