%YAML:1.0
---
FPS: 7.2885813713073730e+00
