%YAML:1.0
---
FPS: 7.4879531860351562e+00
