%YAML:1.0
---
FPS: 9.4662666320800781e+00
