%YAML:1.0
---
FPS: 7.2731580734252930e+00
