%YAML:1.0
---
FPS: 1.1156016349792480e+01
