%YAML:1.0
---
FPS: 1.8435087203979492e+01
