%YAML:1.0
---
FPS: 1.3351709365844727e+01
