%YAML:1.0
---
FPS: 7.6437163352966309e+00
