%YAML:1.0
---
FPS: 1.1974124908447266e+01
