%YAML:1.0
---
FPS: 1.4008538246154785e+01
