%YAML:1.0
---
FPS: 4.6687536239624023e+00
