%YAML:1.0
---
FPS: 7.4886441230773926e+00
