%YAML:1.0
---
FPS: 1.0756867408752441e+01
