%YAML:1.0
---
FPS: 1.5049045562744141e+01
