%YAML:1.0
---
FPS: 9.8447465896606445e+00
