%YAML:1.0
---
FPS: 1.3471998214721680e+01
