%YAML:1.0
---
FPS: 1.1715715408325195e+01
