%YAML:1.0
---
FPS: 8.6992902755737305e+00
