%YAML:1.0
---
FPS: 1.2285692214965820e+01
