%YAML:1.0
---
FPS: 1.2855142593383789e+01
