%YAML:1.0
---
FPS: 7.3582568168640137e+00
