%YAML:1.0
---
FPS: 1.9423109054565430e+01
