%YAML:1.0
---
FPS: 1.1110466003417969e+01
