%YAML:1.0
---
FPS: 1.2875951766967773e+01
