%YAML:1.0
---
FPS: 1.0530819892883301e+01
