%YAML:1.0
---
FPS: 
7.51264