%YAML:1.0
---
FPS: 1.1208645820617676e+01
