%YAML:1.0
---
FPS: 9.1646280288696289e+00
