%YAML:1.0
---
FPS: 1.2828795433044434e+01
