%YAML:1.0
---
FPS: 6.2491064071655273e+00
