%YAML:1.0
---
FPS: 7.3339591026306152e+00
