%YAML:1.0
---
FPS: 2.1682189941406250e+01
