%YAML:1.0
---
FPS: 9.5765876770019531e+00
