%YAML:1.0
---
FPS: 1.0616587638854980e+01
