%YAML:1.0
---
FPS: 1.1208960533142090e+01
