%YAML:1.0
---
FPS: 2.5926248550415039e+01
