%YAML:1.0
---
FPS: 8.4518508911132812e+00
