%YAML:1.0
---
FPS: 1.6464555740356445e+01
