%YAML:1.0
---
FPS: 1.1493092536926270e+01
