%YAML:1.0
---
FPS: 1.2373599052429199e+01
