%YAML:1.0
---
FPS: 1.4749348640441895e+01
