%YAML:1.0
---
FPS: 1.0847290992736816e+01
