%YAML:1.0
---
FPS: 1.3813558578491211e+01
