%YAML:1.0
---
FPS: 1.1998954772949219e+01
