%YAML:1.0
---
FPS: 1.3812851905822754e+01
