%YAML:1.0
---
FPS: 7.6258478164672852e+00
