%YAML:1.0
---
FPS: 1.1445268630981445e+01
