%YAML:1.0
---
FPS: 1.0160407066345215e+01
