%YAML:1.0
---
FPS: 2.0669458389282227e+01
