%YAML:1.0
---
FPS: 4.3725905418395996e+00
