%YAML:1.0
---
FPS: 8.5686817169189453e+00
