%YAML:1.0
---
FPS: 1.0221118927001953e+01
