%YAML:1.0
---
FPS: 1.0726491928100586e+01
