%YAML:1.0
---
FPS: 5.2184386253356934e+00
