%YAML:1.0
---
FPS: 1.1264519691467285e+01
