%YAML:1.0
---
FPS: 1.0565655708312988e+01
