%YAML:1.0
---
FPS: 2.0316434860229492e+01
