%YAML:1.0
---
FPS: 1.3354088783264160e+01
