%YAML:1.0
---
FPS: 1.2243400573730469e+01
