%YAML:1.0
---
FPS: 1.5036574363708496e+01
