%YAML:1.0
---
FPS: 1.2703270912170410e+01
