%YAML:1.0
---
FPS: 1.0386589050292969e+01
