%YAML:1.0
---
FPS: 1.0158869743347168e+01
