%YAML:1.0
---
FPS: 7.3144779205322266e+00
