%YAML:1.0
---
FPS: 1.3335641860961914e+01
