%YAML:1.0
---
FPS: 1.6943021774291992e+01
