%YAML:1.0
---
FPS: 1.1724962234497070e+01
