%YAML:1.0
---
FPS: 1.6922599792480469e+01
