%YAML:1.0
---
FPS: 1.7869667053222656e+01
