%YAML:1.0
---
FPS: 2.5143663406372070e+01
