%YAML:1.0
---
FPS: 8.2512617111206055e+00
