%YAML:1.0
---
FPS: 1.1839127540588379e+01
