%YAML:1.0
---
FPS: 8.9791154861450195e+00
