%YAML:1.0
---
FPS: 7.4840025901794434e+00
