%YAML:1.0
---
FPS: 1.2150784492492676e+01
