%YAML:1.0
---
FPS: 9.2412481307983398e+00
