%YAML:1.0
---
FPS: 8.2526464462280273e+00
