%YAML:1.0
---
FPS: 1.5766754150390625e+01
