%YAML:1.0
---
FPS: 9.1639375686645508e+00
