%YAML:1.0
---
FPS: 1.4526473045349121e+01
