%YAML:1.0
---
FPS: 1.8409130096435547e+01
