%YAML:1.0
---
FPS: 1.0317271232604980e+01
