%YAML:1.0
---
FPS: 7.2898797988891602e+00
