%YAML:1.0
---
FPS: 6.8195004463195801e+00
