%YAML:1.0
---
FPS: 1.2403530120849609e+01
