%YAML:1.0
---
FPS: 2.2774974822998047e+01
