%YAML:1.0
---
FPS: 9.3720064163208008e+00
