%YAML:1.0
---
FPS: 5.4923400878906250e+00
