%YAML:1.0
---
FPS: 1.2853754997253418e+01
