%YAML:1.0
---
FPS: 1.2451163291931152e+01
