%YAML:1.0
---
FPS: 7.2953433990478516e+00
