%YAML:1.0
---
FPS: 1.5199247360229492e+01
