%YAML:1.0
---
FPS: 7.7332224845886230e+00
