%YAML:1.0
---
FPS: 9.7478914260864258e+00
