%YAML:1.0
---
FPS: 7.3305687904357910e+00
